# Step Energy(kJ/mol) AcceptanceRatio R_ee R_g
       0     0.108156+184      0.0000      1.1589      0.9202
      10     0.979565+182      0.3000      1.1552      0.9212
      20     0.960955+182      0.2000      1.1552      0.9212
      30     0.958713+182      0.2000      1.1558      0.9214
      40     0.936682+182      0.2500      1.1628      0.9210
      50     0.616403+182      0.2600      1.1736      0.9210
      60     0.608342+182      0.2667      1.1662      0.9210
      70     0.579348+182      0.3000      1.1567      0.9207
      80     0.403284+182      0.3625      1.1935      0.9222
      90     0.695359+181      0.4222      1.2827      0.9266
     100     0.137033E+42      0.4800      1.2006      0.9222
     110     0.122702E+37      0.5182      1.0687      0.9268
     120     0.628451E+36      0.5250      1.0834      0.9287
     130     0.636410E+32      0.5308      1.0078      0.9344
     140     0.615718E+32      0.5000      1.0006      0.9346
     150     0.583517E+32      0.5067      1.1787      0.9368
     160     0.583491E+32      0.4875      1.2038      0.9420
     170     0.583491E+32      0.4588      1.2038      0.9420
     180     0.511794E+32      0.4444      1.1986      0.9438
     190     0.231605E+31      0.4421      1.2685      0.9474
     200     0.177762E+31      0.4350      1.4096      0.9580
     210     0.171812E+31      0.4286      1.5260      0.9575
     220     0.171244E+31      0.4182      1.4974      0.9554
     230     0.171186E+31      0.4087      1.4805      0.9596
     240     0.171186E+31      0.3917      1.4805      0.9596
     250     0.171050E+31      0.3840      1.5449      0.9640
     260     0.171047E+31      0.3769      1.6102      0.9753
     270     0.171047E+31      0.3667      1.6110      0.9756
     280     0.171047E+31      0.3536      1.6110      0.9756
     290     0.136174E+31      0.3517      1.6288      0.9846
     300     0.127808E+31      0.3467      1.6523      0.9834
     310     0.108877E+31      0.3452      1.4488      0.9861
     320     0.108308E+31      0.3406      1.4357      0.9749
     330     0.970548E+30      0.3394      1.6839      0.9782
     340     0.528884E+30      0.3441      1.7822      0.9862
     350     0.528164E+30      0.3371      1.7989      0.9940
     360     0.455435E+30      0.3361      1.8137      0.9946
     370     0.221777E+30      0.3405      2.0187      1.0039
     380     0.221582E+30      0.3395      1.9030      1.0101
     390     0.923436E+29      0.3359      2.0413      1.0147
     400     0.151021E+29      0.3350      1.9951      1.0165
     410     0.137065E+29      0.3390      1.8315      1.0217
     420     0.113119E+29      0.3381      1.8542      1.0293
     430     0.113119E+29      0.3302      1.8542      1.0293
     440     0.961481E+28      0.3250      1.8069      1.0292
     450     0.959841E+28      0.3289      2.1076      1.0350
     460     0.812705E+28      0.3261      2.1804      1.0408
     470     0.798677E+28      0.3234      2.1738      1.0453
     480     0.798649E+28      0.3229      2.1457      1.0373
     490     0.784037E+28      0.3265      2.3848      1.0398
     500     0.783463E+28      0.3220      2.4932      1.0465
     510     0.950954E+27      0.3176      2.4385      1.0459
     520     0.950954E+27      0.3115      2.4385      1.0459
     530     0.392675E+27      0.3075      2.2745      1.0422
     540     0.392391E+27      0.3074      2.2434      1.0455
     550     0.377400E+27      0.3073      2.3081      1.0437
     560     0.374549E+27      0.3054      2.1804      1.0434
     570     0.373166E+27      0.3070      2.2308      1.0471
     580     0.312222E+27      0.3052      2.2419      1.0474
     590     0.312121E+27      0.3034      2.2561      1.0490
     600     0.209456E+27      0.3033      2.2253      1.0539
     610     0.198508E+27      0.3033      2.0598      1.0568
     620     0.198506E+27      0.3000      2.0565      1.0572
     630     0.602313E+26      0.2984      2.0612      1.0573
     640     0.602313E+26      0.2953      2.0534      1.0543
     650     0.602305E+26      0.2938      2.0293      1.0528
     660     0.602305E+26      0.2894      2.0293      1.0528
     670     0.596932E+26      0.2881      2.0707      1.0567
     680     0.461554E+26      0.2853      2.1656      1.0629
     690     0.384661E+26      0.2855      2.0255      1.0481
     700     0.384661E+26      0.2814      2.0255      1.0481
     710     0.343719E+26      0.2803      1.9407      1.0528
     720     0.323023E+26      0.2806      1.8635      1.0493
     730     0.321617E+26      0.2781      1.8635      1.0492
     740     0.309283E+26      0.2784      1.8004      1.0514
     750     0.309273E+26      0.2760      1.8125      1.0528
     760     0.309215E+26      0.2737      1.8219      1.0523
     770     0.309100E+26      0.2727      1.9141      1.0562
     780     0.309100E+26      0.2692      1.9141      1.0562
     790     0.309100E+26      0.2658      1.9141      1.0562
     800     0.309010E+26      0.2650      1.8988      1.0551
     810     0.309010E+26      0.2642      2.0061      1.0583
     820     0.290640E+26      0.2634      1.9868      1.0558
     830     0.174694E+26      0.2627      2.0275      1.0544
     840     0.173177E+26      0.2607      2.0347      1.0541
     850     0.171912E+26      0.2635      1.9473      1.0440
     860     0.171733E+26      0.2651      1.7893      1.0562
     870     0.126980E+26      0.2655      1.8904      1.0649
     880     0.126653E+26      0.2636      1.7777      1.0665
     890     0.126640E+26      0.2618      1.8197      1.0620
     900     0.123056E+26      0.2622      1.6881      1.0753
     910     0.450861E+25      0.2626      1.6090      1.0772
     920     0.395898E+25      0.2609      1.6330      1.0792
     930     0.312294E+25      0.2613      1.6278      1.0825
     940     0.304741E+25      0.2628      1.5446      1.0872
     950     0.302337E+25      0.2621      1.5983      1.0978
     960     0.302335E+25      0.2615      1.6446      1.1059
     970     0.301981E+25      0.2608      1.6034      1.1010
     980     0.301981E+25      0.2582      1.6034      1.1010
     990     0.301981E+25      0.2556      1.6034      1.1010
    1000     0.301981E+25      0.2530      1.6034      1.1010
    1010     0.301298E+25      0.2525      1.4969      1.1017
    1020     0.301296E+25      0.2529      1.6239      1.1055
    1030     0.301241E+25      0.2524      1.5902      1.1136
    1040     0.301241E+25      0.2500      1.5902      1.1136
    1050     0.301174E+25      0.2505      1.5063      1.1217
    1060     0.301070E+25      0.2491      1.4922      1.1310
    1070     0.301069E+25      0.2477      1.4655      1.1320
    1080     0.301038E+25      0.2463      1.5472      1.1234
    1090     0.300425E+25      0.2468      1.5401      1.1249
    1100     0.300079E+25      0.2455      1.4988      1.1281
    1110     0.300079E+25      0.2441      1.4978      1.1285
    1120     0.296904E+25      0.2437      1.4976      1.1282
    1130     0.296849E+25      0.2451      1.4337      1.1363
    1140     0.216175E+25      0.2439      1.4327      1.1367
    1150     0.172776E+25      0.2435      1.4328      1.1372
    1160     0.172757E+25      0.2431      1.5503      1.1413
    1170     0.172749E+25      0.2427      1.5366      1.1434
    1180     0.854719E+24      0.2441      1.4464      1.1486
    1190     0.852641E+24      0.2437      1.3975      1.1513
    1200     0.852468E+24      0.2433      1.4017      1.1558
    1210     0.852468E+24      0.2413      1.4017      1.1558
    1220     0.852468E+24      0.2402      1.3462      1.1570
    1230     0.852435E+24      0.2407      1.3294      1.1620
    1240     0.852422E+24      0.2403      1.3272      1.1636
    1250     0.852417E+24      0.2400      1.3511      1.1621
    1260     0.852410E+24      0.2405      1.3791      1.1735
    1270     0.852410E+24      0.2386      1.3791      1.1735
    1280     0.852410E+24      0.2367      1.3791      1.1735
    1290     0.846168E+24      0.2364      1.3769      1.1743
    1300     0.845597E+24      0.2362      1.3419      1.1773
    1310     0.845597E+24      0.2344      1.3419      1.1773
    1320     0.845561E+24      0.2333      1.3132      1.1811
    1330     0.845561E+24      0.2316      1.3132      1.1811
    1340     0.845561E+24      0.2299      1.3132      1.1811
    1350     0.781857E+24      0.2304      1.2522      1.1773
    1360     0.781857E+24      0.2287      1.2522      1.1773
    1370     0.781850E+24      0.2285      1.2435      1.1773
    1380     0.781850E+24      0.2275      1.1945      1.1794
    1390     0.781850E+24      0.2259      1.1945      1.1794
    1400     0.781849E+24      0.2250      1.2712      1.1864
    1410     0.780755E+24      0.2241      1.2590      1.1903
    1420     0.780755E+24      0.2232      1.2578      1.1909
    1430     0.780755E+24      0.2217      1.2578      1.1909
    1440     0.772786E+24      0.2215      1.2907      1.1930
    1450     0.772786E+24      0.2214      1.3208      1.1925
    1460     0.772786E+24      0.2205      1.3125      1.1939
    1470     0.772786E+24      0.2204      1.3491      1.1967
    1480     0.771127E+24      0.2203      1.3575      1.1947
    1490     0.771127E+24      0.2188      1.3575      1.1947
    1500     0.771126E+24      0.2180      1.3482      1.1954
    1510     0.771123E+24      0.2192      1.3612      1.2115
    1520     0.771123E+24      0.2178      1.3612      1.2115
    1530     0.767385E+24      0.2176      1.5888      1.2187
    1540     0.767385E+24      0.2162      1.5888      1.2187
    1550     0.767385E+24      0.2148      1.5888      1.2187
    1560     0.756849E+24      0.2154      1.6282      1.2300
    1570     0.752519E+24      0.2159      1.7330      1.2448
    1580     0.745063E+24      0.2165      1.8138      1.2496
    1590     0.744851E+24      0.2157      1.8376      1.2479
    1600     0.744846E+24      0.2150      1.8127      1.2504
    1610     0.737091E+24      0.2143      1.7631      1.2509
    1620     0.736981E+24      0.2154      1.7076      1.2534
    1630     0.736906E+24      0.2153      1.5738      1.2446
    1640     0.736891E+24      0.2152      1.5384      1.2449
    1650     0.736890E+24      0.2152      1.6010      1.2506
    1660     0.736484E+24      0.2151      1.6165      1.2530
    1670     0.558415E+24      0.2150      1.6360      1.2513
    1680     0.534519E+24      0.2155      1.5495      1.2579
    1690     0.534519E+24      0.2142      1.5495      1.2579
    1700     0.529487E+24      0.2147      1.5538      1.2614
    1710     0.529487E+24      0.2135      1.5538      1.2614
    1720     0.529487E+24      0.2122      1.5538      1.2614
    1730     0.529481E+24      0.2127      1.5182      1.2681
    1740     0.529096E+24      0.2132      1.5855      1.2857
    1750     0.529094E+24      0.2126      1.7079      1.2933
    1760     0.528198E+24      0.2125      1.8185      1.2893
    1770     0.528197E+24      0.2119      1.8029      1.2926
    1780     0.482818E+24      0.2118      1.6921      1.2946
    1790     0.482818E+24      0.2112      1.6483      1.2939
    1800     0.482817E+24      0.2106      1.6820      1.3048
    1810     0.482329E+24      0.2105      1.7687      1.3072
    1820     0.482329E+24      0.2093      1.7687      1.3072
    1830     0.482328E+24      0.2093      1.8553      1.3122
    1840     0.482327E+24      0.2087      1.7249      1.3043
    1850     0.482327E+24      0.2076      1.7249      1.3043
    1860     0.381762E+24      0.2075      1.4838      1.2980
    1870     0.381762E+24      0.2064      1.4838      1.2980
    1880     0.381762E+24      0.2059      1.5664      1.3032
    1890     0.381037E+24      0.2053      1.6551      1.3001
    1900     0.381037E+24      0.2042      1.6551      1.3001
    1910     0.381036E+24      0.2042      1.6323      1.3119
    1920     0.381036E+24      0.2036      1.6419      1.3127
    1930     0.375669E+24      0.2041      1.6860      1.3120
    1940     0.375668E+24      0.2041      1.7908      1.3173
    1950     0.375668E+24      0.2036      1.8920      1.3210
    1960     0.375668E+24      0.2031      1.8930      1.3223
    1970     0.375668E+24      0.2020      1.8930      1.3223
    1980     0.375668E+24      0.2010      1.8930      1.3223
    1990     0.375668E+24      0.2000      1.8930      1.3223
    2000     0.375668E+24      0.1990      1.8930      1.3223
    2010     0.351753E+24      0.1990      1.8789      1.3253
    2020     0.344449E+24      0.1990      1.9020      1.3244
    2030     0.344449E+24      0.1985      1.9012      1.3248
    2040     0.344199E+24      0.1985      1.8396      1.3272
    2050     0.344199E+24      0.1980      1.8810      1.3280
    2060     0.344199E+24      0.1985      1.9851      1.3377
    2070     0.344199E+24      0.1981      1.9838      1.3379
    2080     0.341707E+24      0.1981      1.9911      1.3385
    2090     0.341707E+24      0.1971      1.9911      1.3385
    2100     0.341707E+24      0.1967      2.0729      1.3400
    2110     0.341707E+24      0.1972      2.0642      1.3452
    2120     0.341687E+24      0.1972      2.1453      1.3535
    2130     0.340904E+24      0.1967      2.1708      1.3528
    2140     0.340904E+24      0.1958      2.1708      1.3528
    2150     0.340904E+24      0.1949      2.1708      1.3528
    2160     0.340904E+24      0.1940      2.1708      1.3528
    2170     0.340903E+24      0.1935      2.1715      1.3531
    2180     0.340903E+24      0.1931      2.2935      1.3433
    2190     0.340903E+24      0.1922      2.2935      1.3433
    2200     0.340903E+24      0.1918      2.3171      1.3421
    2210     0.340902E+24      0.1919      2.3168      1.3418
    2220     0.340902E+24      0.1910      2.3168      1.3418
    2230     0.340902E+24      0.1901      2.3168      1.3418
    2240     0.340902E+24      0.1897      2.2689      1.3438
    2250     0.340902E+24      0.1889      2.2689      1.3438
    2260     0.340902E+24      0.1889      2.1775      1.3360
    2270     0.340902E+24      0.1881      2.1775      1.3360
    2280     0.340414E+24      0.1877      2.2300      1.3347
    2290     0.340414E+24      0.1869      2.2300      1.3347
    2300     0.340414E+24      0.1861      2.2300      1.3347
    2310     0.340414E+24      0.1853      2.2300      1.3347
    2320     0.340414E+24      0.1845      2.2300      1.3347
    2330     0.340414E+24      0.1837      2.2300      1.3347
    2340     0.340414E+24      0.1842      2.2051      1.3342
    2350     0.340414E+24      0.1834      2.2051      1.3342
    2360     0.340382E+24      0.1835      2.1458      1.3369
    2370     0.340351E+24      0.1835      2.1477      1.3368
    2380     0.340351E+24      0.1832      2.1681      1.3389
    2390     0.340351E+24      0.1824      2.1681      1.3389
    2400     0.340351E+24      0.1821      2.1682      1.3394
    2410     0.340351E+24      0.1813      2.1682      1.3394
    2420     0.340351E+24      0.1810      2.1068      1.3382
    2430     0.340347E+24      0.1807      2.2355      1.3346
    2440     0.340347E+24      0.1807      2.2027      1.3336
    2450     0.340347E+24      0.1804      2.1681      1.3437
    2460     0.340347E+24      0.1805      1.9504      1.3428
    2470     0.340347E+24      0.1798      1.9504      1.3428
    2480     0.334939E+24      0.1802      2.0946      1.3452
    2490     0.334939E+24      0.1799      2.0749      1.3461
    2500     0.334728E+24      0.1796      1.9155      1.3633
    2510     0.334637E+24      0.1793      1.9017      1.3631
    2520     0.334637E+24      0.1794      1.8051      1.3706
    2530     0.333711E+24      0.1802      1.6652      1.3833
    2540     0.331120E+24      0.1819      1.7679      1.3997
    2550     0.329866E+24      0.1827      1.7965      1.4238
    2560     0.329820E+24      0.1824      1.7752      1.4218
    2570     0.329820E+24      0.1817      1.7752      1.4218
    2580     0.329640E+24      0.1822      1.7986      1.4211
    2590     0.320867E+24      0.1826      1.8275      1.4286
    2600     0.320157E+24      0.1827      1.8285      1.4297
    2610     0.319240E+24      0.1828      1.7662      1.4218
    2620     0.319240E+24      0.1828      2.0131      1.4234
    2630     0.319239E+24      0.1833      1.9678      1.4213
    2640     0.319239E+24      0.1826      1.9678      1.4213
    2650     0.319075E+24      0.1823      2.1298      1.4329
    2660     0.319075E+24      0.1820      2.1307      1.4336
    2670     0.319075E+24      0.1820      2.1153      1.4388
    2680     0.319057E+24      0.1817      2.1116      1.4386
    2690     0.319057E+24      0.1822      2.0688      1.4457
    2700     0.318254E+24      0.1833      1.7712      1.4552
    2710     0.318254E+24      0.1827      1.7712      1.4552
    2720     0.318254E+24      0.1820      1.7712      1.4552
    2730     0.318253E+24      0.1821      1.7812      1.4635
    2740     0.318163E+24      0.1825      1.7993      1.4699
    2750     0.318163E+24      0.1822      1.7987      1.4699
    2760     0.316115E+24      0.1822      1.8014      1.4678
    2770     0.316115E+24      0.1819      2.0114      1.4776
    2780     0.315824E+24      0.1817      1.9893      1.4821
    2790     0.315824E+24      0.1814      2.0456      1.4887
    2800     0.315532E+24      0.1811      2.0496      1.4902
    2810     0.315532E+24      0.1804      2.0496      1.4902
    2820     0.315516E+24      0.1809      2.0921      1.4811
    2830     0.315011E+24      0.1809      2.2563      1.4928
    2840     0.315011E+24      0.1806      2.2463      1.4906
    2850     0.315010E+24      0.1811      2.2676      1.4910
    2860     0.314929E+24      0.1815      2.3001      1.4897
    2870     0.314827E+24      0.1812      2.1357      1.4927
    2880     0.314796E+24      0.1816      1.9336      1.4932
    2890     0.314796E+24      0.1810      1.9336      1.4932
    2900     0.314796E+24      0.1807      1.9069      1.4946
    2910     0.314788E+24      0.1804      1.9087      1.4944
    2920     0.313128E+24      0.1805      1.9363      1.4954
    2930     0.312941E+24      0.1805      2.0251      1.5075
    2940     0.312923E+24      0.1803      1.8308      1.5119
    2950     0.312907E+24      0.1803      1.6716      1.4976
    2960     0.312907E+24      0.1804      1.5645      1.5004
    2970     0.312905E+24      0.1801      1.6126      1.4987
    2980     0.312593E+24      0.1809      1.7411      1.5005
    2990     0.279104E+24      0.1813      1.8859      1.5027
    3000     0.279102E+24      0.1817      1.6846      1.4995
    3010     0.279100E+24      0.1814      1.8336      1.5047
    3020     0.279100E+24      0.1815      1.8027      1.5065
    3030     0.178090E+24      0.1818      2.1338      1.5139
    3040     0.178090E+24      0.1812      2.1338      1.5139
    3050     0.170357E+24      0.1810      2.0126      1.5148
    3060     0.170347E+24      0.1817      2.1086      1.5167
    3070     0.170346E+24      0.1818      1.9443      1.5097
    3080     0.170344E+24      0.1818      2.2805      1.5050
    3090     0.170344E+24      0.1812      2.2805      1.5050
    3100     0.170344E+24      0.1810      2.5466      1.5132
    3110     0.170344E+24      0.1804      2.5466      1.5132
    3120     0.170344E+24      0.1798      2.5466      1.5132
    3130     0.170344E+24      0.1792      2.5466      1.5132
    3140     0.148023E+24      0.1790      2.5283      1.5115
    3150     0.148023E+24      0.1784      2.5283      1.5115
    3160     0.147685E+24      0.1788      2.3591      1.4995
    3170     0.147685E+24      0.1792      2.2159      1.5038
    3180     0.147637E+24      0.1792      2.1536      1.4966
    3190     0.147637E+24      0.1790      2.2307      1.4937
    3200     0.131267E+24      0.1794      2.3650      1.4963
    3210     0.129793E+24      0.1794      2.2898      1.4963
    3220     0.114255E+24      0.1792      2.2139      1.4956
    3230     0.113858E+24      0.1793      2.4193      1.4896
    3240     0.112943E+24      0.1796      2.4724      1.4899
    3250     0.112942E+24      0.1794      2.5082      1.4884
    3260     0.106996E+24      0.1791      2.5771      1.4885
    3270     0.106216E+24      0.1792      2.6761      1.4753
    3280     0.911069E+23      0.1793      2.8161      1.4769
    3290     0.911069E+23      0.1790      2.7357      1.4791
    3300     0.910420E+23      0.1791      2.7316      1.4858
    3310     0.910348E+23      0.1795      2.7775      1.4898
    3320     0.893043E+23      0.1795      2.6845      1.4931
    3330     0.892055E+23      0.1799      2.6391      1.4969
    3340     0.846648E+23      0.1808      2.6499      1.5005
    3350     0.843858E+23      0.1815      2.2249      1.5083
    3360     0.817440E+23      0.1818      2.3389      1.5207
    3370     0.817430E+23      0.1819      2.3604      1.5178
    3380     0.817424E+23      0.1817      2.7040      1.5290
    3390     0.816050E+23      0.1823      2.9533      1.5434
    3400     0.815529E+23      0.1824      3.2704      1.5599
    3410     0.815529E+23      0.1818      3.2704      1.5599
    3420     0.801502E+23      0.1825      3.4777      1.5592
    3430     0.801207E+23      0.1831      3.4661      1.5725
    3440     0.801207E+23      0.1828      3.4537      1.5727
    3450     0.800253E+23      0.1829      3.3685      1.5792
    3460     0.718146E+23      0.1835      2.8517      1.5748
    3470     0.718092E+23      0.1833      2.8240      1.5734
    3480     0.703661E+23      0.1833      3.3165      1.5943
    3490     0.703525E+23      0.1837      3.2275      1.5899
    3500     0.694760E+23      0.1837      3.1238      1.5966
    3510     0.694760E+23      0.1838      3.1326      1.5972
    3520     0.235014E+23      0.1844      3.6242      1.6349
    3530     0.235012E+23      0.1844      3.5050      1.6273
    3540     0.235008E+23      0.1847      3.4294      1.6172
    3550     0.202537E+23      0.1851      3.2359      1.6231
    3560     0.202537E+23      0.1851      3.2666      1.6259
    3570     0.202537E+23      0.1846      3.2666      1.6259
    3580     0.202537E+23      0.1841      3.2666      1.6259
    3590     0.147603E+23      0.1841      3.4842      1.6356
    3600     0.147577E+23      0.1844      2.8729      1.6280
    3610     0.147577E+23      0.1839      2.8729      1.6280
    3620     0.146965E+23      0.1840      2.6707      1.6220
    3630     0.146962E+23      0.1837      2.6580      1.6259
    3640     0.135857E+23      0.1841      2.5054      1.6354
    3650     0.135857E+23      0.1841      2.5677      1.6304
    3660     0.135857E+23      0.1842      2.5813      1.6397
    3670     0.135849E+23      0.1845      2.8138      1.6422
    3680     0.114429E+23      0.1851      2.8940      1.6598
    3690     0.103437E+23      0.1851      2.6638      1.6631
    3700     0.979323E+22      0.1851      2.9110      1.6763
    3710     0.979321E+22      0.1849      2.9176      1.6759
    3720     0.979229E+22      0.1847      2.7636      1.6769
    3730     0.979229E+22      0.1845      2.9389      1.6645
    3740     0.979222E+22      0.1842      2.9055      1.6696
    3750     0.897130E+22      0.1843      3.1957      1.6710
    3760     0.896702E+22      0.1843      3.0584      1.6788
    3770     0.739109E+22      0.1844      2.7160      1.6822
    3780     0.739091E+22      0.1847      2.6360      1.6852
    3790     0.739091E+22      0.1844      2.6541      1.6834
    3800     0.739028E+22      0.1845      2.9755      1.6748
    3810     0.739028E+22      0.1840      2.9755      1.6748
    3820     0.721215E+22      0.1840      3.0370      1.6675
    3830     0.721215E+22      0.1841      3.0965      1.6637
    3840     0.719277E+22      0.1839      3.3175      1.6752
    3850     0.707215E+22      0.1836      3.2430      1.6742
    3860     0.707165E+22      0.1834      3.1287      1.6745
    3870     0.707142E+22      0.1832      3.1485      1.6754
    3880     0.703368E+22      0.1832      3.2044      1.6845
    3890     0.693642E+22      0.1838      3.4247      1.6893
    3900     0.693321E+22      0.1844      3.7651      1.6850
    3910     0.693321E+22      0.1841      3.8275      1.6947
    3920     0.693321E+22      0.1842      4.0125      1.7060
    3930     0.693321E+22      0.1837      4.0125      1.7060
    3940     0.693321E+22      0.1840      3.8966      1.7311
    3950     0.693194E+22      0.1841      3.8313      1.7351
    3960     0.692385E+22      0.1843      4.0579      1.7633
    3970     0.692385E+22      0.1846      4.0263      1.7502
    3980     0.692385E+22      0.1842      4.0263      1.7502
    3990     0.692382E+22      0.1847      4.3557      1.7811
    4000     0.397784E+22      0.1847      4.4870      1.7886
    4010     0.372134E+22      0.1853      4.5249      1.8014
    4020     0.371425E+22      0.1851      4.5292      1.8019
    4030     0.371425E+22      0.1849      4.5206      1.8023
    4040     0.371425E+22      0.1847      4.5435      1.8058
    4050     0.369644E+22      0.1849      4.6342      1.8123
    4060     0.369644E+22      0.1850      4.9458      1.8268
    4070     0.369642E+22      0.1848      4.9479      1.8294
    4080     0.369642E+22      0.1843      4.9479      1.8294
    4090     0.369642E+22      0.1841      4.9080      1.8308
    4100     0.369642E+22      0.1841      4.8876      1.8321
    4110     0.270013E+22      0.1839      4.5199      1.8094
    4120     0.270013E+22      0.1835      4.5199      1.8094
    4130     0.256065E+22      0.1838      4.3433      1.8078
    4140     0.256057E+22      0.1841      4.2939      1.8083
    4150     0.256057E+22      0.1839      4.5167      1.8144
    4160     0.256032E+22      0.1839      4.5281      1.8210
    4170     0.256032E+22      0.1837      4.4956      1.8234
    4180     0.256032E+22      0.1833      4.4956      1.8234
    4190     0.256032E+22      0.1833      4.8200      1.8118
    4200     0.231784E+22      0.1833      4.4448      1.8206
    4210     0.231784E+22      0.1829      4.4448      1.8206
    4220     0.227157E+22      0.1834      3.7978      1.8234
    4230     0.227157E+22      0.1830      3.7978      1.8234
    4240     0.227157E+22      0.1833      4.0876      1.8545
    4250     0.227153E+22      0.1833      3.8166      1.8512
    4260     0.227153E+22      0.1833      3.8240      1.8613
    4270     0.227153E+22      0.1834      3.7550      1.8726
    4280     0.227153E+22      0.1834      3.9617      1.8760
    4290     0.227153E+22      0.1834      3.8105      1.8779
    4300     0.227153E+22      0.1833      3.8035      1.8784
    4310     0.227005E+22      0.1835      3.9893      1.8844
    4320     0.227005E+22      0.1833      3.9787      1.8910
    4330     0.227005E+22      0.1836      3.9135      1.8986
    4340     0.220236E+22      0.1834      4.0383      1.9029
    4350     0.220236E+22      0.1834      3.9008      1.9092
    4360     0.208878E+22      0.1835      3.7146      1.9114
    4370     0.208878E+22      0.1833      3.8293      1.9174
    4380     0.207697E+22      0.1831      4.0141      1.9252
    4390     0.203159E+22      0.1838      4.1087      1.9297
    4400     0.203159E+22      0.1836      4.2024      1.9348
    4410     0.197071E+22      0.1837      3.9799      1.9232
    4420     0.195209E+22      0.1842      3.8546      1.9293
    4430     0.195209E+22      0.1840      3.8873      1.9353
    4440     0.193392E+22      0.1840      3.9447      1.9357
    4450     0.193392E+22      0.1838      3.9699      1.9367
    4460     0.191547E+22      0.1843      4.2577      1.9339
    4470     0.191076E+22      0.1841      4.2043      1.9297
    4480     0.190165E+22      0.1839      4.2342      1.9321
    4490     0.190148E+22      0.1840      4.6693      1.9588
    4500     0.185474E+22      0.1842      4.4913      1.9552
    4510     0.172062E+22      0.1851      3.8229      1.9784
    4520     0.172052E+22      0.1854      4.3906      2.0058
    4530     0.172052E+22      0.1852      4.4381      2.0069
    4540     0.172052E+22      0.1848      4.4381      2.0069
    4550     0.172042E+22      0.1846      4.4477      2.0078
    4560     0.172042E+22      0.1844      4.6091      2.0232
    4570     0.172042E+22      0.1840      4.6091      2.0232
    4580     0.172042E+22      0.1836      4.6091      2.0232
    4590     0.172042E+22      0.1834      4.3122      2.0417
    4600     0.171163E+22      0.1835      4.4509      2.0407
    4610     0.171163E+22      0.1831      4.4509      2.0407
    4620     0.171163E+22      0.1827      4.4509      2.0407
    4630     0.171162E+22      0.1827      4.6662      2.0453
    4640     0.171162E+22      0.1830      4.7352      2.0535
    4650     0.171027E+22      0.1834      4.5068      2.0732
    4660     0.171025E+22      0.1835      4.7089      2.0885
    4670     0.171025E+22      0.1833      4.9057      2.0977
    4680     0.171021E+22      0.1835      5.1143      2.1043
    4690     0.171021E+22      0.1834      5.1157      2.1069
    4700     0.171021E+22      0.1830      5.1157      2.1069
    4710     0.171021E+22      0.1826      5.1157      2.1069
    4720     0.170589E+22      0.1826      5.5693      2.1159
    4730     0.170581E+22      0.1827      5.5840      2.1171
    4740     0.170581E+22      0.1827      5.7046      2.1493
    4750     0.170575E+22      0.1829      5.9983      2.1724
    4760     0.170575E+22      0.1832      6.1014      2.1701
    4770     0.170575E+22      0.1830      5.9146      2.1758
    4780     0.170575E+22      0.1828      5.9391      2.1763
    4790     0.170004E+22      0.1829      6.5291      2.2041
    4800     0.170004E+22      0.1825      6.5291      2.2041
    4810     0.169892E+22      0.1827      6.4394      2.1996
    4820     0.169892E+22      0.1826      6.3331      2.1986
    4830     0.169892E+22      0.1824      6.3240      2.1975
    4840     0.169892E+22      0.1824      6.7029      2.2129
    4850     0.169892E+22      0.1823      7.1954      2.2267
    4860     0.169670E+22      0.1821      7.2657      2.2298
    4870     0.169089E+22      0.1819      7.4517      2.2387
    4880     0.166756E+22      0.1824      7.4219      2.2455
    4890     0.166756E+22      0.1828      6.8952      2.2382
    4900     0.166745E+22      0.1829      6.8062      2.2295
    4910     0.166745E+22      0.1831      6.6631      2.2316
    4920     0.166745E+22      0.1827      6.6631      2.2316
    4930     0.166745E+22      0.1824      6.6631      2.2316
    4940     0.166745E+22      0.1824      6.4894      2.2391
    4950     0.166745E+22      0.1822      6.5583      2.2382
    4960     0.166745E+22      0.1821      6.6028      2.2453
    4970     0.161011E+22      0.1821      6.4297      2.2377
    4980     0.160896E+22      0.1823      6.5435      2.2420
    4990     0.160896E+22      0.1820      6.5435      2.2420
    5000     0.160087E+22      0.1820      6.3287      2.2497
    5010     0.159976E+22      0.1822      6.4020      2.2570
    5020     0.159976E+22      0.1819      6.4020      2.2570
    5030     0.158890E+22      0.1819      6.4903      2.2672
    5040     0.158890E+22      0.1815      6.4903      2.2672
    5050     0.158890E+22      0.1816      6.5801      2.2893
    5060     0.158883E+22      0.1818      7.2091      2.3207
    5070     0.158815E+22      0.1819      7.3066      2.3284
    5080     0.152230E+22      0.1819      7.1906      2.3231
    5090     0.152230E+22      0.1815      7.1906      2.3231
    5100     0.152230E+22      0.1820      6.9346      2.3406
    5110     0.152230E+22      0.1820      6.9603      2.3408
    5120     0.152215E+22      0.1826      7.2803      2.3592
    5130     0.152215E+22      0.1827      7.4129      2.3765
    5140     0.151566E+22      0.1833      7.3431      2.3785
    5150     0.151566E+22      0.1833      7.2497      2.3975
    5160     0.151566E+22      0.1831      7.2566      2.3957
    5170     0.151566E+22      0.1828      7.2566      2.3957
    5180     0.151566E+22      0.1826      6.9739      2.3951
    5190     0.151566E+22      0.1825      6.7514      2.3956
    5200     0.151566E+22      0.1823      6.8055      2.4003
    5210     0.151566E+22      0.1823      6.7004      2.4236
    5220     0.151566E+22      0.1822      6.7062      2.4223
    5230     0.151566E+22      0.1822      6.9682      2.4595
    5240     0.151566E+22      0.1819      6.9682      2.4595
    5250     0.151566E+22      0.1819      7.1382      2.4596
    5260     0.151536E+22      0.1817      6.7051      2.4380
    5270     0.151399E+22      0.1822      7.2624      2.4622
    5280     0.151399E+22      0.1820      7.2695      2.4627
    5290     0.151399E+22      0.1819      7.2772      2.4612
    5300     0.151384E+22      0.1821      7.4717      2.4727
    5310     0.151384E+22      0.1819      7.5308      2.4770
    5320     0.151384E+22      0.1816      7.5308      2.4770
    5330     0.151384E+22      0.1816      7.5343      2.4586
    5340     0.151384E+22      0.1815      7.4510      2.4516
    5350     0.151384E+22      0.1813      7.4259      2.4514
    5360     0.151384E+22      0.1812      7.4600      2.4532
    5370     0.151384E+22      0.1812      7.4665      2.4555
    5380     0.151356E+22      0.1810      7.4386      2.4550
    5390     0.147929E+22      0.1811      7.2986      2.4652
    5400     0.147929E+22      0.1809      7.0360      2.4592
    5410     0.147929E+22      0.1810      7.0704      2.4629
    5420     0.147250E+22      0.1810      7.0144      2.4663
    5430     0.147250E+22      0.1808      6.9852      2.4658
    5440     0.147250E+22      0.1811      6.6335      2.4660
    5450     0.147250E+22      0.1809      6.6177      2.4672
    5460     0.147250E+22      0.1808      6.6190      2.4663
    5470     0.147250E+22      0.1806      6.6923      2.4753
    5480     0.147226E+22      0.1807      6.9413      2.4882
    5490     0.147226E+22      0.1805      6.4938      2.5072
    5500     0.147226E+22      0.1807      6.3451      2.5219
    5510     0.147226E+22      0.1811      6.1012      2.5155
    5520     0.147226E+22      0.1810      6.1046      2.5042
    5530     0.145447E+22      0.1812      6.1172      2.5050
    5540     0.144849E+22      0.1810      6.0907      2.5044
    5550     0.142957E+22      0.1811      6.1125      2.5132
    5560     0.142957E+22      0.1808      6.1125      2.5132
    5570     0.142957E+22      0.1806      6.1843      2.5169
    5580     0.142957E+22      0.1805      6.1756      2.5156
    5590     0.142957E+22      0.1805      5.9299      2.5427
    5600     0.142957E+22      0.1802      5.9299      2.5427
    5610     0.142957E+22      0.1802      6.0369      2.5462
    5620     0.142957E+22      0.1804      6.2053      2.5559
    5630     0.142957E+22      0.1801      6.2053      2.5559
    5640     0.142766E+22      0.1800      6.2214      2.5573
    5650     0.142766E+22      0.1796      6.2214      2.5573
    5660     0.142766E+22      0.1797      6.3057      2.5617
    5670     0.142766E+22      0.1797      6.3990      2.5631
    5680     0.142766E+22      0.1799      6.3918      2.5530
    5690     0.142766E+22      0.1800      6.4963      2.5614
    5700     0.142752E+22      0.1800      6.4720      2.5606
    5710     0.142728E+22      0.1800      6.3075      2.5517
    5720     0.142728E+22      0.1797      6.3075      2.5517
    5730     0.142315E+22      0.1798      6.3328      2.5523
    5740     0.141631E+22      0.1801      6.4152      2.5545
    5750     0.140247E+22      0.1802      6.4129      2.5546
    5760     0.140247E+22      0.1800      6.4012      2.5550
    5770     0.139341E+22      0.1802      6.4612      2.5607
    5780     0.138994E+22      0.1806      6.4565      2.5564
    5790     0.138963E+22      0.1805      6.3202      2.5531
    5800     0.138963E+22      0.1803      6.3201      2.5531
    5810     0.138963E+22      0.1802      6.3153      2.5500
    5820     0.137049E+22      0.1802      6.4652      2.5582
    5830     0.136953E+22      0.1801      6.6115      2.5623
    5840     0.136950E+22      0.1801      6.6235      2.5625
    5850     0.136950E+22      0.1800      6.6300      2.5629
    5860     0.136840E+22      0.1802      6.4019      2.5528
    5870     0.136840E+22      0.1801      6.5084      2.5532
    5880     0.136840E+22      0.1801      6.2468      2.5700
    5890     0.136758E+22      0.1805      6.0734      2.5814
    5900     0.136758E+22      0.1805      6.1273      2.5831
    5910     0.136631E+22      0.1807      6.2667      2.5800
    5920     0.136601E+22      0.1814      6.7219      2.5945
    5930     0.136349E+22      0.1820      6.8401      2.5977
    5940     0.136127E+22      0.1818      6.8806      2.6001
    5950     0.136125E+22      0.1822      7.0562      2.6089
    5960     0.136125E+22      0.1826      6.8721      2.6088
    5970     0.136125E+22      0.1826      7.0387      2.5918
    5980     0.136125E+22      0.1824      7.0771      2.5865
    5990     0.136125E+22      0.1825      6.9574      2.5900
    6000     0.136125E+22      0.1825      7.2167      2.5938
    6010     0.136125E+22      0.1825      6.9201      2.5977
    6020     0.136125E+22      0.1827      6.9289      2.6199
    6030     0.136104E+22      0.1826      6.9172      2.6186
    6040     0.135949E+22      0.1828      6.8973      2.6311
    6050     0.131581E+22      0.1830      6.8330      2.6555
    6060     0.127470E+22      0.1828      6.6562      2.6458
    6070     0.127470E+22      0.1827      6.6560      2.6461
    6080     0.127375E+22      0.1829      7.1136      2.6513
    6090     0.127286E+22      0.1828      7.0393      2.6509
    6100     0.124490E+22      0.1830      7.0911      2.6523
    6110     0.124358E+22      0.1833      6.4955      2.6527
    6120     0.124358E+22      0.1833      6.6752      2.6821
    6130     0.124358E+22      0.1832      6.7597      2.6828
    6140     0.124358E+22      0.1831      6.6724      2.6945
    6150     0.124358E+22      0.1828      6.6724      2.6945
    6160     0.124343E+22      0.1830      6.2945      2.7112
    6170     0.117734E+22      0.1828      6.3016      2.7109
    6180     0.117734E+22      0.1827      6.3095      2.7109
    6190     0.113489E+22      0.1830      6.0356      2.7058
    6200     0.113489E+22      0.1832      5.9480      2.7064
    6210     0.113489E+22      0.1833      5.9733      2.7082
    6220     0.112739E+22      0.1841      6.5457      2.7663
    6230     0.112739E+22      0.1841      6.5635      2.7675
    6240     0.112739E+22      0.1840      6.6066      2.7857
    6250     0.112739E+22      0.1837      6.6066      2.7857
    6260     0.112739E+22      0.1835      6.6197      2.7863
    6270     0.112739E+22      0.1842      6.7802      2.8003
    6280     0.112739E+22      0.1841      7.1854      2.8247
    6290     0.112669E+22      0.1843      7.0765      2.8026
    6300     0.112669E+22      0.1843      6.9136      2.7886
    6310     0.112669E+22      0.1845      6.7318      2.7900
    6320     0.112669E+22      0.1843      6.9772      2.8126
    6330     0.112669E+22      0.1845      7.0846      2.8173
    6340     0.107551E+22      0.1847      7.2853      2.8005
    6350     0.107551E+22      0.1849      7.2825      2.7972
    6360     0.107551E+22      0.1849      7.4041      2.7962
    6370     0.107551E+22      0.1849      7.4197      2.7991
    6380     0.107551E+22      0.1853      7.2363      2.8252
    6390     0.107551E+22      0.1850      7.2363      2.8252
    6400     0.107551E+22      0.1847      7.2363      2.8252
    6410     0.107551E+22      0.1846      7.2369      2.8254
    6420     0.107551E+22      0.1847      7.1324      2.8451
    6430     0.107551E+22      0.1844      7.1324      2.8451
    6440     0.107551E+22      0.1843      7.3827      2.8562
    6450     0.100402E+22      0.1845      7.2703      2.8592
    6460     0.100111E+22      0.1845      7.2097      2.8606
    6470     0.100111E+22      0.1842      7.2097      2.8606
    6480     0.100101E+22      0.1841      7.2154      2.8608
    6490     0.996454E+21      0.1841      7.3791      2.8801
    6500     0.996454E+21      0.1840      7.4923      2.8784
    6510     0.996454E+21      0.1839      7.4388      2.8787
    6520     0.996454E+21      0.1837      7.4695      2.8795
    6530     0.996392E+21      0.1838      7.4517      2.8786
    6540     0.996392E+21      0.1835      7.4517      2.8786
    6550     0.996354E+21      0.1835      7.3059      2.8815
    6560     0.996354E+21      0.1832      7.3059      2.8815
    6570     0.996354E+21      0.1833      7.5384      2.9067
    6580     0.996354E+21      0.1830      7.5384      2.9067
    6590     0.996354E+21      0.1830      7.4571      2.9084
    6600     0.991934E+21      0.1832      7.2634      2.9199
    6610     0.991870E+21      0.1834      7.7570      2.9318
    6620     0.991870E+21      0.1832      7.6374      2.9430
    6630     0.982730E+21      0.1833      7.6442      2.9455
    6640     0.982634E+21      0.1833      7.7292      2.9437
    6650     0.982634E+21      0.1830      7.7292      2.9437
    6660     0.982634E+21      0.1829      7.8148      2.9548
    6670     0.965808E+21      0.1831      8.0253      2.9629
    6680     0.965808E+21      0.1828      8.0253      2.9629
    6690     0.953590E+21      0.1831      8.3887      3.0046
    6700     0.948658E+21      0.1831      8.1204      3.0013
    6710     0.948658E+21      0.1829      8.1204      3.0013
    6720     0.948658E+21      0.1829      7.9795      3.0021
    6730     0.948658E+21      0.1829      7.4456      2.9917
    6740     0.948658E+21      0.1828      7.5477      3.0054
    6750     0.933111E+21      0.1827      7.4932      3.0038
    6760     0.933111E+21      0.1827      7.3792      2.9945
    6770     0.933111E+21      0.1827      7.3975      2.9984
    6780     0.932446E+21      0.1830      7.5686      3.0097
    6790     0.932446E+21      0.1828      7.5686      3.0097
    6800     0.932446E+21      0.1829      7.6326      3.0133
    6810     0.932446E+21      0.1830      7.3154      3.0237
    6820     0.932446E+21      0.1828      7.3505      3.0268
    6830     0.932446E+21      0.1826      7.3505      3.0268
    6840     0.930895E+21      0.1827      7.3460      3.0344
    6850     0.930895E+21      0.1826      7.3396      3.0354
    6860     0.930895E+21      0.1825      7.6307      3.0505
    6870     0.910033E+21      0.1828      7.6581      3.0616
    6880     0.910033E+21      0.1827      7.6788      3.0652
    6890     0.907375E+21      0.1826      7.6679      3.0651
    6900     0.907375E+21      0.1828      7.9381      3.0766
    6910     0.907375E+21      0.1828      7.9873      3.0756
    6920     0.907375E+21      0.1825      7.9873      3.0756
    6930     0.903579E+21      0.1827      7.8545      3.0763
    6940     0.902333E+21      0.1827      8.1880      3.0926
    6950     0.902333E+21      0.1826      7.9980      3.1152
    6960     0.902290E+21      0.1828      7.5791      3.1273
    6970     0.902290E+21      0.1826      7.4773      3.1269
    6980     0.891022E+21      0.1827      7.7586      3.1413
    6990     0.891022E+21      0.1825      7.7506      3.1441
    7000     0.891022E+21      0.1824      8.0226      3.1559
    7010     0.870455E+21      0.1823      7.9249      3.1517
    7020     0.870455E+21      0.1823      7.5607      3.1376
    7030     0.870455E+21      0.1822      7.5550      3.1372
    7040     0.840023E+21      0.1824      7.3835      3.1216
    7050     0.840023E+21      0.1823      7.3578      3.1221
    7060     0.840022E+21      0.1823      7.3715      3.1165
    7070     0.838881E+21      0.1823      7.5740      3.1284
    7080     0.838881E+21      0.1823      7.8925      3.1519
    7090     0.838881E+21      0.1821      7.8925      3.1519
    7100     0.838881E+21      0.1820      7.8846      3.1538
    7110     0.838881E+21      0.1819      7.7869      3.1544
    7120     0.838881E+21      0.1820      7.8548      3.1844
    7130     0.838812E+21      0.1819      7.8697      3.1842
    7140     0.838812E+21      0.1821      8.2492      3.2003
    7150     0.838812E+21      0.1820      8.2669      3.2005
    7160     0.838811E+21      0.1818      8.1875      3.1968
    7170     0.838811E+21      0.1817      8.2107      3.1963
    7180     0.838811E+21      0.1816      8.2392      3.1975
    7190     0.838811E+21      0.1815      8.3088      3.2034
    7200     0.838808E+21      0.1814      8.3131      3.2035
    7210     0.838808E+21      0.1811      8.3131      3.2035
    7220     0.838799E+21      0.1810      8.2834      3.2022
    7230     0.838799E+21      0.1809      8.2734      3.2135
    7240     0.829250E+21      0.1812      8.0634      3.2098
    7250     0.829143E+21      0.1814      8.2550      3.2178
    7260     0.770409E+21      0.1813      8.2396      3.2186
    7270     0.750397E+21      0.1813      8.1473      3.2139
    7280     0.750397E+21      0.1810      8.1473      3.2139
    7290     0.750397E+21      0.1811      8.1521      3.2132
    7300     0.750397E+21      0.1808      8.1521      3.2132
    7310     0.750397E+21      0.1810      8.0865      3.2064
    7320     0.750397E+21      0.1810      8.1449      3.2098
    7330     0.750397E+21      0.1809      8.1592      3.2108
    7340     0.750397E+21      0.1808      8.0739      3.2293
    7350     0.750397E+21      0.1807      8.4266      3.2475
    7360     0.750397E+21      0.1804      8.4266      3.2475
    7370     0.750397E+21      0.1806      8.9136      3.2684
    7380     0.750397E+21      0.1804      8.9136      3.2684
    7390     0.750374E+21      0.1806      9.3943      3.2831
    7400     0.737203E+21      0.1807      9.3463      3.2763
    7410     0.737203E+21      0.1808      9.5055      3.2554
    7420     0.737203E+21      0.1809      9.2572      3.2310
    7430     0.737203E+21      0.1806      9.2572      3.2310
    7440     0.737203E+21      0.1805      9.2941      3.2395
    7450     0.737203E+21      0.1803      9.2941      3.2395
    7460     0.737203E+21      0.1804      9.5385      3.2435
    7470     0.737203E+21      0.1803      9.5278      3.2452
    7480     0.735514E+21      0.1803      9.6117      3.2667
    7490     0.735514E+21      0.1801      9.6117      3.2667
    7500     0.735514E+21      0.1803      9.6632      3.2848
    7510     0.735514E+21      0.1800      9.6632      3.2848
    7520     0.735514E+21      0.1801      9.6921      3.2942
    7530     0.735514E+21      0.1799      9.6900      3.3066
    7540     0.735514E+21      0.1800      9.7191      3.3170
    7550     0.734958E+21      0.1801      9.6312      3.3147
    7560     0.734903E+21      0.1802     10.2161      3.3268
    7570     0.734680E+21      0.1801     10.2010      3.3262
    7580     0.734203E+21      0.1799     10.0437      3.3195
    7590     0.734203E+21      0.1798     10.0785      3.3403
    7600     0.694762E+21      0.1800     10.0541      3.3355
    7610     0.694329E+21      0.1799     10.0776      3.3364
    7620     0.694329E+21      0.1798     10.0905      3.3357
    7630     0.692767E+21      0.1799      9.6649      3.3444
    7640     0.692708E+21      0.1798      9.6916      3.3446
    7650     0.692695E+21      0.1799      9.7930      3.3516
    7660     0.692695E+21      0.1799     10.2924      3.3802
    7670     0.692695E+21      0.1799     10.3084      3.4095
    7680     0.686979E+21      0.1801     10.8959      3.4222
    7690     0.686881E+21      0.1801     10.8956      3.4365
    7700     0.686881E+21      0.1801     10.8701      3.4457
    7710     0.686881E+21      0.1799     10.8701      3.4457
    7720     0.686854E+21      0.1799     11.0883      3.4572
    7730     0.686854E+21      0.1798     10.8171      3.4537
    7740     0.686854E+21      0.1796     10.8171      3.4537
    7750     0.686854E+21      0.1794     10.8171      3.4537
    7760     0.686854E+21      0.1794     10.7476      3.4393
    7770     0.686854E+21      0.1793     10.6789      3.4426
    7780     0.686854E+21      0.1792     10.5208      3.4402
    7790     0.686854E+21      0.1789     10.5208      3.4402
    7800     0.684507E+21      0.1788     10.5591      3.4388
    7810     0.684507E+21      0.1786     10.5591      3.4388
    7820     0.684507E+21      0.1786     10.6030      3.4456
    7830     0.684507E+21      0.1784     10.6030      3.4456
    7840     0.684387E+21      0.1784     10.7215      3.4494
    7850     0.684380E+21      0.1783     10.7250      3.4483
    7860     0.684380E+21      0.1785      9.8228      3.4521
    7870     0.684380E+21      0.1785      9.8741      3.4534
    7880     0.684380E+21      0.1786      9.4701      3.4558
    7890     0.684380E+21      0.1785      9.6892      3.4561
    7900     0.684380E+21      0.1782      9.6892      3.4561
    7910     0.684380E+21      0.1781      9.4222      3.4640
    7920     0.684212E+21      0.1780      9.4196      3.4639
    7930     0.684212E+21      0.1778      9.4196      3.4639
    7940     0.684212E+21      0.1776      9.4196      3.4639
    7950     0.684212E+21      0.1774      9.4196      3.4639
    7960     0.684193E+21      0.1773      9.4471      3.4651
    7970     0.684193E+21      0.1770      9.4471      3.4651
    7980     0.684193E+21      0.1769      9.3839      3.4652
    7990     0.684193E+21      0.1767      9.3839      3.4652
    8000     0.684193E+21      0.1766      9.3761      3.4652
    8010     0.684193E+21      0.1768      9.5094      3.4714
    8020     0.684193E+21      0.1768      9.4345      3.4695
    8030     0.682167E+21      0.1768      9.4174      3.4674
    8040     0.682167E+21      0.1769      9.3292      3.4623
    8050     0.682167E+21      0.1768      9.3192      3.4634
    8060     0.681993E+21      0.1773      9.3166      3.4696
    8070     0.681993E+21      0.1772      9.4467      3.4721
    8080     0.681993E+21      0.1771      9.4277      3.4870
    8090     0.681318E+21      0.1773      9.3608      3.4953
    8100     0.681318E+21      0.1770      9.3608      3.4953
    8110     0.681318E+21      0.1771      9.3845      3.4979
    8120     0.681241E+21      0.1771      9.5849      3.5291
    8130     0.681241E+21      0.1770      9.4500      3.5557
    8140     0.681241E+21      0.1768      9.4500      3.5557
    8150     0.681241E+21      0.1769      9.4312      3.5592
    8160     0.680941E+21      0.1770      9.3278      3.5567
    8170     0.680941E+21      0.1769      9.3427      3.5572
    8180     0.680941E+21      0.1769      9.2405      3.5484
    8190     0.680941E+21      0.1767      9.2405      3.5484
    8200     0.680941E+21      0.1766      9.0986      3.5490
    8210     0.680941E+21      0.1765      9.1010      3.5489
    8220     0.680878E+21      0.1766      8.8079      3.5501
    8230     0.680481E+21      0.1768      8.9776      3.5593
    8240     0.679741E+21      0.1767      9.1368      3.5600
    8250     0.677764E+21      0.1767      9.1753      3.5630
    8260     0.677764E+21      0.1769      9.7739      3.5868
    8270     0.677764E+21      0.1768      9.7506      3.5706
    8280     0.677732E+21      0.1768     10.1960      3.5981
    8290     0.677732E+21      0.1768     10.2454      3.5986
    8300     0.677732E+21      0.1767     10.2446      3.5986
    8310     0.677732E+21      0.1765     10.2446      3.5986
    8320     0.677732E+21      0.1766     10.3077      3.6122
    8330     0.677720E+21      0.1766     10.2690      3.6127
    8340     0.677720E+21      0.1766     10.3493      3.6261
    8350     0.676986E+21      0.1769     10.7743      3.6703
    8360     0.676986E+21      0.1768     10.4742      3.6471
    8370     0.676986E+21      0.1766     10.4742      3.6471
    8380     0.676986E+21      0.1764     10.4742      3.6471
    8390     0.676950E+21      0.1764     10.6747      3.6497
    8400     0.676950E+21      0.1765     10.9355      3.6526
    8410     0.676950E+21      0.1766     10.4145      3.6433
    8420     0.676950E+21      0.1764     10.4145      3.6433
    8430     0.676950E+21      0.1762     10.4145      3.6433
    8440     0.676950E+21      0.1759     10.4145      3.6433
    8450     0.676950E+21      0.1760     10.3909      3.6527
    8460     0.676950E+21      0.1759     10.4869      3.6635
    8470     0.676890E+21      0.1758     10.1506      3.6498
    8480     0.676890E+21      0.1758     10.2359      3.6486
    8490     0.676890E+21      0.1756     10.2359      3.6486
    8500     0.676890E+21      0.1755     10.2485      3.6498
    8510     0.676854E+21      0.1757     10.2940      3.6555
    8520     0.676854E+21      0.1756     10.8212      3.6796
    8530     0.676854E+21      0.1754     10.8212      3.6796
    8540     0.676854E+21      0.1756     10.9241      3.6835
    8550     0.676854E+21      0.1757     10.9069      3.6773
    8560     0.676854E+21      0.1756     11.0463      3.6903
    8570     0.676854E+21      0.1754     11.0463      3.6903
    8580     0.674682E+21      0.1756     10.6266      3.6823
    8590     0.674511E+21      0.1758     10.7528      3.6859
    8600     0.674505E+21      0.1758     10.6812      3.6846
    8610     0.674505E+21      0.1756     10.6812      3.6846
    8620     0.674505E+21      0.1755     10.7391      3.6786
    8630     0.674505E+21      0.1753     10.7391      3.6786
    8640     0.673137E+21      0.1752     10.7530      3.6787
    8650     0.673137E+21      0.1753     10.7130      3.6779
    8660     0.673137E+21      0.1751     10.7130      3.6779
    8670     0.673094E+21      0.1751     10.6102      3.6597
    8680     0.673094E+21      0.1750     10.6203      3.6599
    8690     0.673094E+21      0.1748     10.6203      3.6599
    8700     0.673094E+21      0.1746     10.6203      3.6599
    8710     0.673094E+21      0.1745     10.5150      3.6598
    8720     0.673094E+21      0.1744     10.5202      3.6601
    8730     0.673094E+21      0.1745     10.7018      3.6344
    8740     0.673094E+21      0.1743     10.7018      3.6344
    8750     0.672662E+21      0.1742     10.5253      3.6273
    8760     0.672662E+21      0.1741     10.5485      3.6654
    8770     0.672662E+21      0.1739     10.5485      3.6654
    8780     0.672662E+21      0.1738     10.6128      3.6650
    8790     0.672662E+21      0.1736     10.6128      3.6650
    8800     0.672662E+21      0.1735     10.6168      3.6650
    8810     0.672662E+21      0.1736     10.5514      3.6885
    8820     0.672552E+21      0.1737     10.4859      3.6884
    8830     0.672552E+21      0.1737     10.3776      3.6855
    8840     0.672552E+21      0.1735     10.3776      3.6855
    8850     0.672552E+21      0.1733     10.3776      3.6855
    8860     0.672552E+21      0.1731     10.3776      3.6855
    8870     0.672552E+21      0.1729     10.3776      3.6855
    8880     0.672552E+21      0.1727     10.3776      3.6855
    8890     0.672552E+21      0.1728     10.0394      3.7134
    8900     0.672491E+21      0.1728     10.2714      3.7163
    8910     0.672491E+21      0.1727     10.4172      3.7201
    8920     0.672491E+21      0.1725     10.4172      3.7201
    8930     0.672491E+21      0.1725     10.4355      3.7210
    8940     0.672491E+21      0.1724     10.5168      3.7234
    8950     0.672491E+21      0.1722     10.5168      3.7234
    8960     0.672491E+21      0.1721     10.7666      3.7295
    8970     0.672491E+21      0.1719     10.7666      3.7295
    8980     0.672491E+21      0.1717     10.7666      3.7295
    8990     0.672491E+21      0.1717     10.7814      3.7325
    9000     0.672491E+21      0.1716     10.7814      3.7325
    9010     0.672491E+21      0.1714     10.7814      3.7325
    9020     0.672491E+21      0.1712     10.7814      3.7325
    9030     0.672491E+21      0.1710     10.7814      3.7325
    9040     0.672484E+21      0.1709     10.1240      3.7272
    9050     0.672484E+21      0.1707     10.1240      3.7272
    9060     0.671848E+21      0.1708     10.0691      3.7319
    9070     0.671848E+21      0.1707     10.3682      3.7430
    9080     0.671848E+21      0.1705     10.3682      3.7430
    9090     0.671848E+21      0.1705     10.2975      3.7702
    9100     0.671848E+21      0.1704     10.2691      3.7734
    9110     0.671848E+21      0.1704     10.2762      3.7548
    9120     0.671848E+21      0.1703      9.9167      3.7583
    9130     0.671848E+21      0.1702      9.8617      3.7671
    9140     0.671848E+21      0.1701      9.9467      3.7689
    9150     0.667041E+21      0.1703      9.7696      3.7740
    9160     0.667041E+21      0.1702      9.8123      3.7751
    9170     0.663208E+21      0.1703      9.7993      3.7756
    9180     0.663107E+21      0.1704      9.8062      3.7814
    9190     0.663107E+21      0.1703     10.0834      3.7868
    9200     0.663107E+21      0.1702     10.1947      3.7938
    9210     0.663107E+21      0.1700     10.1947      3.7938
    9220     0.663107E+21      0.1700     10.3890      3.8135
    9230     0.663107E+21      0.1698     10.3890      3.8135
    9240     0.663097E+21      0.1697     10.4996      3.8177
    9250     0.663097E+21      0.1695     10.4996      3.8177
    9260     0.663097E+21      0.1694     10.5043      3.8172
    9270     0.663097E+21      0.1693     10.5043      3.8172
    9280     0.663097E+21      0.1692     10.5505      3.8204
    9290     0.663097E+21      0.1692     10.7076      3.8231
    9300     0.663097E+21      0.1690     10.7076      3.8231
    9310     0.663097E+21      0.1690     10.6437      3.8362
    9320     0.663097E+21      0.1690     10.9215      3.8458
    9330     0.663073E+21      0.1689     10.8367      3.8441
    9340     0.660970E+21      0.1690     10.9716      3.8516
    9350     0.660920E+21      0.1691     11.4560      3.8676
    9360     0.660920E+21      0.1689     11.4560      3.8676
    9370     0.660920E+21      0.1687     11.4560      3.8676
    9380     0.660920E+21      0.1686     11.4560      3.8676
    9390     0.660853E+21      0.1686     11.4734      3.8667
    9400     0.660853E+21      0.1684     11.4734      3.8667
    9410     0.660853E+21      0.1682     11.4734      3.8667
    9420     0.660853E+21      0.1683     11.8583      3.8857
    9430     0.660853E+21      0.1681     11.8583      3.8857
    9440     0.660853E+21      0.1681     12.1692      3.9068
    9450     0.660853E+21      0.1680     12.2179      3.9140
    9460     0.660853E+21      0.1679     12.2179      3.9140
    9470     0.660853E+21      0.1678     12.2127      3.9130
    9480     0.660847E+21      0.1678     11.6409      3.9108
    9490     0.660847E+21      0.1680     11.3363      3.9272
    9500     0.653227E+21      0.1681     11.3051      3.9196
    9510     0.653227E+21      0.1680     11.3405      3.9208
    9520     0.653227E+21      0.1680     11.3425      3.9210
    9530     0.647907E+21      0.1680     11.0987      3.9078
    9540     0.647907E+21      0.1679     11.0304      3.9066
    9550     0.647907E+21      0.1682     12.0845      3.9424
    9560     0.647894E+21      0.1684     12.0858      3.9548
    9570     0.647894E+21      0.1682     12.0858      3.9548
    9580     0.647894E+21      0.1682     12.2110      3.9434
    9590     0.647894E+21      0.1680     12.2110      3.9434
    9600     0.647890E+21      0.1679     12.3613      3.9480
    9610     0.646787E+21      0.1678     12.4103      3.9485
    9620     0.635669E+21      0.1679     12.4860      3.9503
    9630     0.635669E+21      0.1678     12.5174      3.9504
    9640     0.635646E+21      0.1677     12.6799      3.9540
    9650     0.635646E+21      0.1677     12.6463      3.9574
    9660     0.635080E+21      0.1676     12.6533      3.9577
    9670     0.635080E+21      0.1675     12.7145      3.9614
    9680     0.635080E+21      0.1676     12.4488      3.9622
    9690     0.635080E+21      0.1675     12.4389      3.9618
    9700     0.635079E+21      0.1674     12.4522      3.9617
    9710     0.635079E+21      0.1673     12.4522      3.9617
    9720     0.635079E+21      0.1671     12.4522      3.9617
    9730     0.635079E+21      0.1671     12.6563      3.9683
    9740     0.635079E+21      0.1669     12.6563      3.9683
    9750     0.635079E+21      0.1670     12.6937      3.9685
    9760     0.635079E+21      0.1669     12.6905      3.9706
    9770     0.635078E+21      0.1671     12.7246      3.9733
    9780     0.634991E+21      0.1672     12.4845      3.9918
    9790     0.573838E+21      0.1672     12.5801      3.9936
    9800     0.573838E+21      0.1671     12.6936      4.0138
    9810     0.572994E+21      0.1671     12.7076      4.0151
    9820     0.572994E+21      0.1670     12.7398      4.0147
    9830     0.572994E+21      0.1670     12.7810      4.0439
    9840     0.572994E+21      0.1669     12.7810      4.0439
    9850     0.572994E+21      0.1668     12.8009      4.0433
    9860     0.572994E+21      0.1667     12.9208      4.0542
    9870     0.572994E+21      0.1667     13.8060      4.0848
    9880     0.572994E+21      0.1666     13.6820      4.0850
    9890     0.572994E+21      0.1666     13.5220      4.0905
    9900     0.572994E+21      0.1666     13.4763      4.0914
    9910     0.572994E+21      0.1664     13.4763      4.0914
    9920     0.572994E+21      0.1662     13.4763      4.0914
    9930     0.572994E+21      0.1662     13.4817      4.0917
    9940     0.572994E+21      0.1662     13.5754      4.0943
    9950     0.572994E+21      0.1660     13.5754      4.0943
    9960     0.568218E+21      0.1661     13.4845      4.0905
    9970     0.568218E+21      0.1659     13.4845      4.0905
    9980     0.568218E+21      0.1658     13.4756      4.0899
    9990     0.568218E+21      0.1657     13.4756      4.0899
   10000     0.568218E+21      0.1655     13.4756      4.0899
